(kicad_pcb (version 20171130) (host pcbnew "(5.1.2)-2")

  (general
    (thickness 1.6)
    (drawings 55)
    (tracks 1544)
    (zones 0)
    (modules 154)
    (nets 37)
  )

  (page A4)
  (layers
    (0 F.Cu signal)
    (31 B.Cu signal)
    (32 B.Adhes user)
    (33 F.Adhes user)
    (34 B.Paste user)
    (35 F.Paste user)
    (36 B.SilkS user)
    (37 F.SilkS user)
    (38 B.Mask user)
    (39 F.Mask user)
    (40 Dwgs.User user)
    (41 Cmts.User user)
    (42 Eco1.User user)
    (43 Eco2.User user)
    (44 Edge.Cuts user)
    (45 Margin user)
    (46 B.CrtYd user)
    (47 F.CrtYd user)
    (48 B.Fab user)
    (49 F.Fab user)
  )

  (setup
    (last_trace_width 0.25)
    (user_trace_width 0.3)
    (user_trace_width 0.5)
    (user_trace_width 1)
    (user_trace_width 2)
    (trace_clearance 0.2)
    (zone_clearance 0.508)
    (zone_45_only yes)
    (trace_min 0.2)
    (via_size 0.8)
    (via_drill 0.4)
    (via_min_size 0.4)
    (via_min_drill 0.3)
    (user_via 0.6 0.3)
    (user_via 1 0.5)
    (uvia_size 0.3)
    (uvia_drill 0.1)
    (uvias_allowed no)
    (uvia_min_size 0.2)
    (uvia_min_drill 0.1)
    (edge_width 0.05)
    (segment_width 0.2)
    (pcb_text_width 0.3)
    (pcb_text_size 1.5 1.5)
    (mod_edge_width 0.12)
    (mod_text_size 1 1)
    (mod_text_width 0.15)
    (pad_size 1.524 1.524)
    (pad_drill 0.762)
    (pad_to_mask_clearance 0.051)
    (solder_mask_min_width 0.25)
    (aux_axis_origin 0 0)
    (grid_origin 20 20)
    (visible_elements 7FFFFFFF)
    (pcbplotparams
      (layerselection 0x010fc_ffffffff)
      (usegerberextensions false)
      (usegerberattributes false)
      (usegerberadvancedattributes false)
      (creategerberjobfile false)
      (excludeedgelayer true)
      (linewidth 0.100000)
      (plotframeref false)
      (viasonmask false)
      (mode 1)
      (useauxorigin false)
      (hpglpennumber 1)
      (hpglpenspeed 20)
      (hpglpendiameter 15.000000)
      (psnegative false)
      (psa4output false)
      (plotreference true)
      (plotvalue true)
      (plotinvisibletext false)
      (padsonsilk false)
      (subtractmaskfromsilk false)
      (outputformat 1)
      (mirror false)
      (drillshape 1)
      (scaleselection 1)
      (outputdirectory ""))
  )

  (net 0 "")
  (net 1 "Net-(BT1-Pad1)")
  (net 2 GND)
  (net 3 "Net-(C1-Pad1)")
  (net 4 VDD)
  (net 5 +5V)
  (net 6 /ConnectUSB)
  (net 7 /D+)
  (net 8 /D-)
  (net 9 "Net-(J1-PadA5)")
  (net 10 "Net-(J1-PadA8)")
  (net 11 "Net-(J1-PadB5)")
  (net 12 "Net-(J1-PadB8)")
  (net 13 /UART_PC2MC)
  (net 14 /UART_MC2PC)
  (net 15 /PIC_MCLR)
  (net 16 /PIC_ICSP_DAT)
  (net 17 /PIC_ICSP_CLK)
  (net 18 "Net-(P1-Pad6)")
  (net 19 "Net-(Q1-Pad3)")
  (net 20 /SDA)
  (net 21 /SCL)
  (net 22 "Net-(R4-Pad1)")
  (net 23 "Net-(SP1-Pad1)")
  (net 24 "Net-(SP1-Pad2)")
  (net 25 /SW)
  (net 26 "Net-(U1-Pad4)")
  (net 27 "Net-(U1-Pad6)")
  (net 28 /SPD1)
  (net 29 /SPD2)
  (net 30 "Net-(U4-Pad1)")
  (net 31 +BATT)
  (net 32 "Net-(C6-Pad1)")
  (net 33 +3V3)
  (net 34 "Net-(L1-Pad2)")
  (net 35 "Net-(U2-Pad11)")
  (net 36 "Net-(D1-Pad1)")

  (net_class Default "これはデフォルトのネット クラスです。"
    (clearance 0.2)
    (trace_width 0.25)
    (via_dia 0.8)
    (via_drill 0.4)
    (uvia_dia 0.3)
    (uvia_drill 0.1)
    (add_net +3V3)
    (add_net +5V)
    (add_net +BATT)
    (add_net /ConnectUSB)
    (add_net /D+)
    (add_net /D-)
    (add_net /PIC_ICSP_CLK)
    (add_net /PIC_ICSP_DAT)
    (add_net /PIC_MCLR)
    (add_net /SCL)
    (add_net /SDA)
    (add_net /SPD1)
    (add_net /SPD2)
    (add_net /SW)
    (add_net /UART_MC2PC)
    (add_net /UART_PC2MC)
    (add_net GND)
    (add_net "Net-(BT1-Pad1)")
    (add_net "Net-(C1-Pad1)")
    (add_net "Net-(C6-Pad1)")
    (add_net "Net-(D1-Pad1)")
    (add_net "Net-(J1-PadA5)")
    (add_net "Net-(J1-PadA8)")
    (add_net "Net-(J1-PadB5)")
    (add_net "Net-(J1-PadB8)")
    (add_net "Net-(L1-Pad2)")
    (add_net "Net-(P1-Pad6)")
    (add_net "Net-(Q1-Pad3)")
    (add_net "Net-(R4-Pad1)")
    (add_net "Net-(SP1-Pad1)")
    (add_net "Net-(SP1-Pad2)")
    (add_net "Net-(U1-Pad4)")
    (add_net "Net-(U1-Pad6)")
    (add_net "Net-(U2-Pad11)")
    (add_net "Net-(U4-Pad1)")
    (add_net VDD)
  )

  (module Package_SO:SOIC-8_3.9x4.9mm_P1.27mm (layer B.Cu) (tedit 5C97300E) (tstamp 5E1EB61A)
    (at 84 84 270)
    (descr "SOIC, 8 Pin (JEDEC MS-012AA, https://www.analog.com/media/en/package-pcb-resources/package/pkg_pdf/soic_narrow-r/r_8.pdf), generated with kicad-footprint-generator ipc_gullwing_generator.py")
    (tags "SOIC SO")
    (path /5DCAE436)
    (attr smd)
    (fp_text reference U3 (at 0 -4) (layer B.SilkS)
      (effects (font (size 1 1) (thickness 0.15)) (justify mirror))
    )
    (fp_text value 24FC256 (at 0 -3.4 270) (layer B.Fab)
      (effects (font (size 1 1) (thickness 0.15)) (justify mirror))
    )
    (fp_line (start 0 -2.56) (end 1.95 -2.56) (layer B.SilkS) (width 0.12))
    (fp_line (start 0 -2.56) (end -1.95 -2.56) (layer B.SilkS) (width 0.12))
    (fp_line (start 0 2.56) (end 1.95 2.56) (layer B.SilkS) (width 0.12))
    (fp_line (start 0 2.56) (end -3.45 2.56) (layer B.SilkS) (width 0.12))
    (fp_line (start -0.975 2.45) (end 1.95 2.45) (layer B.Fab) (width 0.1))
    (fp_line (start 1.95 2.45) (end 1.95 -2.45) (layer B.Fab) (width 0.1))
    (fp_line (start 1.95 -2.45) (end -1.95 -2.45) (layer B.Fab) (width 0.1))
    (fp_line (start -1.95 -2.45) (end -1.95 1.475) (layer B.Fab) (width 0.1))
    (fp_line (start -1.95 1.475) (end -0.975 2.45) (layer B.Fab) (width 0.1))
    (fp_line (start -3.7 2.7) (end -3.7 -2.7) (layer B.CrtYd) (width 0.05))
    (fp_line (start -3.7 -2.7) (end 3.7 -2.7) (layer B.CrtYd) (width 0.05))
    (fp_line (start 3.7 -2.7) (end 3.7 2.7) (layer B.CrtYd) (width 0.05))
    (fp_line (start 3.7 2.7) (end -3.7 2.7) (layer B.CrtYd) (width 0.05))
    (fp_text user %R (at 0 0 270) (layer B.Fab)
      (effects (font (size 0.98 0.98) (thickness 0.15)) (justify mirror))
    )
    (pad 1 smd roundrect (at -2.475 1.905 270) (size 1.95 0.6) (layers B.Cu B.Paste B.Mask) (roundrect_rratio 0.25))
    (pad 2 smd roundrect (at -2.475 0.635 270) (size 1.95 0.6) (layers B.Cu B.Paste B.Mask) (roundrect_rratio 0.25))
    (pad 3 smd roundrect (at -2.475 -0.635 270) (size 1.95 0.6) (layers B.Cu B.Paste B.Mask) (roundrect_rratio 0.25))
    (pad 4 smd roundrect (at -2.475 -1.905 270) (size 1.95 0.6) (layers B.Cu B.Paste B.Mask) (roundrect_rratio 0.25))
    (pad 5 smd roundrect (at 2.475 -1.905 270) (size 1.95 0.6) (layers B.Cu B.Paste B.Mask) (roundrect_rratio 0.25))
    (pad 6 smd roundrect (at 2.475 -0.635 270) (size 1.95 0.6) (layers B.Cu B.Paste B.Mask) (roundrect_rratio 0.25))
    (pad 7 smd roundrect (at 2.475 0.635 270) (size 1.95 0.6) (layers B.Cu B.Paste B.Mask) (roundrect_rratio 0.25))
    (pad 8 smd roundrect (at 2.475 1.905 270) (size 1.95 0.6) (layers B.Cu B.Paste B.Mask) (roundrect_rratio 0.25))
    (model ${KISYS3DMOD}/Package_SO.3dshapes/SOIC-8_3.9x4.9mm_P1.27mm.wrl
      (at (xyz 0 0 0))
      (scale (xyz 1 1 1))
      (rotate (xyz 0 0 0))
    )
  )

  (module Package_TO_SOT_SMD:SOT-23 (layer F.Cu) (tedit 5A02FF57) (tstamp 5E1EB606)
    (at 84 67.4 180)
    (descr "SOT-23, Standard")
    (tags SOT-23)
    (path /5E12216E)
    (attr smd)
    (fp_text reference Q1 (at 2 1.4) (layer F.SilkS)
      (effects (font (size 1 1) (thickness 0.15)))
    )
    (fp_text value IRLML6402 (at 0 2.5) (layer F.Fab)
      (effects (font (size 1 1) (thickness 0.15)))
    )
    (fp_line (start 0.76 1.58) (end -0.7 1.58) (layer F.SilkS) (width 0.12))
    (fp_line (start 0.76 -1.58) (end -1.4 -1.58) (layer F.SilkS) (width 0.12))
    (fp_line (start -1.7 1.75) (end -1.7 -1.75) (layer F.CrtYd) (width 0.05))
    (fp_line (start 1.7 1.75) (end -1.7 1.75) (layer F.CrtYd) (width 0.05))
    (fp_line (start 1.7 -1.75) (end 1.7 1.75) (layer F.CrtYd) (width 0.05))
    (fp_line (start -1.7 -1.75) (end 1.7 -1.75) (layer F.CrtYd) (width 0.05))
    (fp_line (start 0.76 -1.58) (end 0.76 -0.65) (layer F.SilkS) (width 0.12))
    (fp_line (start 0.76 1.58) (end 0.76 0.65) (layer F.SilkS) (width 0.12))
    (fp_line (start -0.7 1.52) (end 0.7 1.52) (layer F.Fab) (width 0.1))
    (fp_line (start 0.7 -1.52) (end 0.7 1.52) (layer F.Fab) (width 0.1))
    (fp_line (start -0.7 -0.95) (end -0.15 -1.52) (layer F.Fab) (width 0.1))
    (fp_line (start -0.15 -1.52) (end 0.7 -1.52) (layer F.Fab) (width 0.1))
    (fp_line (start -0.7 -0.95) (end -0.7 1.5) (layer F.Fab) (width 0.1))
    (fp_text user %R (at 0 0 90) (layer F.Fab)
      (effects (font (size 0.5 0.5) (thickness 0.075)))
    )
    (pad 3 smd rect (at 1 0 180) (size 0.9 0.8) (layers F.Cu F.Paste F.Mask))
    (pad 2 smd rect (at -1 0.95 180) (size 0.9 0.8) (layers F.Cu F.Paste F.Mask))
    (pad 1 smd rect (at -1 -0.95 180) (size 0.9 0.8) (layers F.Cu F.Paste F.Mask))
    (model ${KISYS3DMOD}/Package_TO_SOT_SMD.3dshapes/SOT-23.wrl
      (at (xyz 0 0 0))
      (scale (xyz 1 1 1))
      (rotate (xyz 0 0 0))
    )
  )

  (module Resistor_SMD:R_0603_1608Metric_Pad1.05x0.95mm_HandSolder (layer B.Cu) (tedit 5B301BBD) (tstamp 5E1EB5F6)
    (at 83.375 88.75)
    (descr "Resistor SMD 0603 (1608 Metric), square (rectangular) end terminal, IPC_7351 nominal with elongated pad for handsoldering. (Body size source: http://www.tortai-tech.com/upload/download/2011102023233369053.pdf), generated with kicad-footprint-generator")
    (tags "resistor handsolder")
    (path /5E1084B6)
    (attr smd)
    (fp_text reference R3 (at -2.375 -0.55) (layer B.SilkS)
      (effects (font (size 1 1) (thickness 0.15)) (justify mirror))
    )
    (fp_text value 10k (at 0 -1.43) (layer B.Fab)
      (effects (font (size 1 1) (thickness 0.15)) (justify mirror))
    )
    (fp_line (start -0.8 -0.4) (end -0.8 0.4) (layer B.Fab) (width 0.1))
    (fp_line (start -0.8 0.4) (end 0.8 0.4) (layer B.Fab) (width 0.1))
    (fp_line (start 0.8 0.4) (end 0.8 -0.4) (layer B.Fab) (width 0.1))
    (fp_line (start 0.8 -0.4) (end -0.8 -0.4) (layer B.Fab) (width 0.1))
    (fp_line (start -0.171267 0.51) (end 0.171267 0.51) (layer B.SilkS) (width 0.12))
    (fp_line (start -0.171267 -0.51) (end 0.171267 -0.51) (layer B.SilkS) (width 0.12))
    (fp_line (start -1.65 -0.73) (end -1.65 0.73) (layer B.CrtYd) (width 0.05))
    (fp_line (start -1.65 0.73) (end 1.65 0.73) (layer B.CrtYd) (width 0.05))
    (fp_line (start 1.65 0.73) (end 1.65 -0.73) (layer B.CrtYd) (width 0.05))
    (fp_line (start 1.65 -0.73) (end -1.65 -0.73) (layer B.CrtYd) (width 0.05))
    (fp_text user %R (at 0 0) (layer B.Fab)
      (effects (font (size 0.4 0.4) (thickness 0.06)) (justify mirror))
    )
    (pad 1 smd roundrect (at -0.875 0) (size 1.05 0.95) (layers B.Cu B.Paste B.Mask) (roundrect_rratio 0.25))
    (pad 2 smd roundrect (at 0.875 0) (size 1.05 0.95) (layers B.Cu B.Paste B.Mask) (roundrect_rratio 0.25))
    (model ${KISYS3DMOD}/Resistor_SMD.3dshapes/R_0603_1608Metric.wrl
      (at (xyz 0 0 0))
      (scale (xyz 1 1 1))
      (rotate (xyz 0 0 0))
    )
  )

  (module Package_SO:MSOP-10_3x3mm_P0.5mm (layer B.Cu) (tedit 5A02F25C) (tstamp 5E1EB5D8)
    (at 59.5 84 180)
    (descr "10-Lead Plastic Micro Small Outline Package (MS) [MSOP] (see Microchip Packaging Specification 00000049BS.pdf)")
    (tags "SSOP 0.5")
    (path /5E163C50)
    (attr smd)
    (fp_text reference U1 (at -4.5 0) (layer B.SilkS)
      (effects (font (size 1 1) (thickness 0.15)) (justify mirror))
    )
    (fp_text value CH340E (at 0 -2.6) (layer B.Fab)
      (effects (font (size 1 1) (thickness 0.15)) (justify mirror))
    )
    (fp_line (start -0.5 1.5) (end 1.5 1.5) (layer B.Fab) (width 0.15))
    (fp_line (start 1.5 1.5) (end 1.5 -1.5) (layer B.Fab) (width 0.15))
    (fp_line (start 1.5 -1.5) (end -1.5 -1.5) (layer B.Fab) (width 0.15))
    (fp_line (start -1.5 -1.5) (end -1.5 0.5) (layer B.Fab) (width 0.15))
    (fp_line (start -1.5 0.5) (end -0.5 1.5) (layer B.Fab) (width 0.15))
    (fp_line (start -3.15 1.85) (end -3.15 -1.85) (layer B.CrtYd) (width 0.05))
    (fp_line (start 3.15 1.85) (end 3.15 -1.85) (layer B.CrtYd) (width 0.05))
    (fp_line (start -3.15 1.85) (end 3.15 1.85) (layer B.CrtYd) (width 0.05))
    (fp_line (start -3.15 -1.85) (end 3.15 -1.85) (layer B.CrtYd) (width 0.05))
    (fp_line (start -1.675 1.675) (end -1.675 1.45) (layer B.SilkS) (width 0.15))
    (fp_line (start 1.675 1.675) (end 1.675 1.375) (layer B.SilkS) (width 0.15))
    (fp_line (start 1.675 -1.675) (end 1.675 -1.375) (layer B.SilkS) (width 0.15))
    (fp_line (start -1.675 -1.675) (end -1.675 -1.375) (layer B.SilkS) (width 0.15))
    (fp_line (start -1.675 1.675) (end 1.675 1.675) (layer B.SilkS) (width 0.15))
    (fp_line (start -1.675 -1.675) (end 1.675 -1.675) (layer B.SilkS) (width 0.15))
    (fp_line (start -1.675 1.45) (end -2.9 1.45) (layer B.SilkS) (width 0.15))
    (fp_text user %R (at 0 0) (layer B.Fab)
      (effects (font (size 0.6 0.6) (thickness 0.15)) (justify mirror))
    )
    (pad 1 smd rect (at -2.2 1 180) (size 1.4 0.3) (layers B.Cu B.Paste B.Mask))
    (pad 2 smd rect (at -2.2 0.5 180) (size 1.4 0.3) (layers B.Cu B.Paste B.Mask))
    (pad 3 smd rect (at -2.2 0 180) (size 1.4 0.3) (layers B.Cu B.Paste B.Mask))
    (pad 4 smd rect (at -2.2 -0.5 180) (size 1.4 0.3) (layers B.Cu B.Paste B.Mask))
    (pad 5 smd rect (at -2.2 -1 180) (size 1.4 0.3) (layers B.Cu B.Paste B.Mask))
    (pad 6 smd rect (at 2.2 -1 180) (size 1.4 0.3) (layers B.Cu B.Paste B.Mask))
    (pad 7 smd rect (at 2.2 -0.5 180) (size 1.4 0.3) (layers B.Cu B.Paste B.Mask))
    (pad 8 smd rect (at 2.2 0 180) (size 1.4 0.3) (layers B.Cu B.Paste B.Mask))
    (pad 9 smd rect (at 2.2 0.5 180) (size 1.4 0.3) (layers B.Cu B.Paste B.Mask))
    (pad 10 smd rect (at 2.2 1 180) (size 1.4 0.3) (layers B.Cu B.Paste B.Mask))
    (model ${KISYS3DMOD}/Package_SO.3dshapes/MSOP-10_3x3mm_P0.5mm.wrl
      (at (xyz 0 0 0))
      (scale (xyz 1 1 1))
      (rotate (xyz 0 0 0))
    )
  )

  (module fues-Buttons_Switches:TVGP01-G73BB (layer F.Cu) (tedit 5E171CD3) (tstamp 5E1EB5CC)
    (at 73 84)
    (path /5DCB511D)
    (fp_text reference SW1 (at 0 0) (layer F.SilkS)
      (effects (font (size 1 1) (thickness 0.15)))
    )
    (fp_text value SW_Push (at 0 -5) (layer F.Fab)
      (effects (font (size 1 1) (thickness 0.15)))
    )
    (fp_circle (center 0 0) (end 3.35 0) (layer F.SilkS) (width 0.12))
    (fp_line (start -6 -6) (end 6 -6) (layer F.SilkS) (width 0.12))
    (fp_line (start 6 -6) (end 6 6) (layer F.SilkS) (width 0.12))
    (fp_line (start 6 6) (end -6 6) (layer F.SilkS) (width 0.12))
    (fp_line (start -6 6) (end -6 -6) (layer F.SilkS) (width 0.12))
    (pad 2 thru_hole circle (at -6.25 2.5) (size 2 2) (drill 1.3) (layers *.Cu *.Mask))
    (pad 2 thru_hole circle (at 6.25 2.5) (size 2 2) (drill 1.3) (layers *.Cu *.Mask))
    (pad 1 thru_hole circle (at 6.25 -2.5) (size 2 2) (drill 1.3) (layers *.Cu *.Mask))
    (pad 1 thru_hole circle (at -6.25 -2.5) (size 2 2) (drill 1.3) (layers *.Cu *.Mask))
  )

  (module Package_TO_SOT_SMD:SOT-23 (layer F.Cu) (tedit 5A02FF57) (tstamp 5E1EB5B8)
    (at 84 71.1 180)
    (descr "SOT-23, Standard")
    (tags SOT-23)
    (path /5E120331)
    (attr smd)
    (fp_text reference Q2 (at 2 1.6) (layer F.SilkS)
      (effects (font (size 1 1) (thickness 0.15)))
    )
    (fp_text value IRLML6402 (at 0 2.5) (layer F.Fab)
      (effects (font (size 1 1) (thickness 0.15)))
    )
    (fp_text user %R (at 0 0 90) (layer F.Fab)
      (effects (font (size 0.5 0.5) (thickness 0.075)))
    )
    (fp_line (start -0.7 -0.95) (end -0.7 1.5) (layer F.Fab) (width 0.1))
    (fp_line (start -0.15 -1.52) (end 0.7 -1.52) (layer F.Fab) (width 0.1))
    (fp_line (start -0.7 -0.95) (end -0.15 -1.52) (layer F.Fab) (width 0.1))
    (fp_line (start 0.7 -1.52) (end 0.7 1.52) (layer F.Fab) (width 0.1))
    (fp_line (start -0.7 1.52) (end 0.7 1.52) (layer F.Fab) (width 0.1))
    (fp_line (start 0.76 1.58) (end 0.76 0.65) (layer F.SilkS) (width 0.12))
    (fp_line (start 0.76 -1.58) (end 0.76 -0.65) (layer F.SilkS) (width 0.12))
    (fp_line (start -1.7 -1.75) (end 1.7 -1.75) (layer F.CrtYd) (width 0.05))
    (fp_line (start 1.7 -1.75) (end 1.7 1.75) (layer F.CrtYd) (width 0.05))
    (fp_line (start 1.7 1.75) (end -1.7 1.75) (layer F.CrtYd) (width 0.05))
    (fp_line (start -1.7 1.75) (end -1.7 -1.75) (layer F.CrtYd) (width 0.05))
    (fp_line (start 0.76 -1.58) (end -1.4 -1.58) (layer F.SilkS) (width 0.12))
    (fp_line (start 0.76 1.58) (end -0.7 1.58) (layer F.SilkS) (width 0.12))
    (pad 1 smd rect (at -1 -0.95 180) (size 0.9 0.8) (layers F.Cu F.Paste F.Mask))
    (pad 2 smd rect (at -1 0.95 180) (size 0.9 0.8) (layers F.Cu F.Paste F.Mask))
    (pad 3 smd rect (at 1 0 180) (size 0.9 0.8) (layers F.Cu F.Paste F.Mask))
    (model ${KISYS3DMOD}/Package_TO_SOT_SMD.3dshapes/SOT-23.wrl
      (at (xyz 0 0 0))
      (scale (xyz 1 1 1))
      (rotate (xyz 0 0 0))
    )
  )

  (module Resistor_SMD:R_0603_1608Metric_Pad1.05x0.95mm_HandSolder (layer B.Cu) (tedit 5B301BBD) (tstamp 5E1EB5A8)
    (at 83.375 90.5)
    (descr "Resistor SMD 0603 (1608 Metric), square (rectangular) end terminal, IPC_7351 nominal with elongated pad for handsoldering. (Body size source: http://www.tortai-tech.com/upload/download/2011102023233369053.pdf), generated with kicad-footprint-generator")
    (tags "resistor handsolder")
    (path /5E1079A8)
    (attr smd)
    (fp_text reference R2 (at -2.375 -0.9) (layer B.SilkS)
      (effects (font (size 1 1) (thickness 0.15)) (justify mirror))
    )
    (fp_text value 10k (at 0 -1.43) (layer B.Fab)
      (effects (font (size 1 1) (thickness 0.15)) (justify mirror))
    )
    (fp_text user %R (at 0 0) (layer B.Fab)
      (effects (font (size 0.4 0.4) (thickness 0.06)) (justify mirror))
    )
    (fp_line (start 1.65 -0.73) (end -1.65 -0.73) (layer B.CrtYd) (width 0.05))
    (fp_line (start 1.65 0.73) (end 1.65 -0.73) (layer B.CrtYd) (width 0.05))
    (fp_line (start -1.65 0.73) (end 1.65 0.73) (layer B.CrtYd) (width 0.05))
    (fp_line (start -1.65 -0.73) (end -1.65 0.73) (layer B.CrtYd) (width 0.05))
    (fp_line (start -0.171267 -0.51) (end 0.171267 -0.51) (layer B.SilkS) (width 0.12))
    (fp_line (start -0.171267 0.51) (end 0.171267 0.51) (layer B.SilkS) (width 0.12))
    (fp_line (start 0.8 -0.4) (end -0.8 -0.4) (layer B.Fab) (width 0.1))
    (fp_line (start 0.8 0.4) (end 0.8 -0.4) (layer B.Fab) (width 0.1))
    (fp_line (start -0.8 0.4) (end 0.8 0.4) (layer B.Fab) (width 0.1))
    (fp_line (start -0.8 -0.4) (end -0.8 0.4) (layer B.Fab) (width 0.1))
    (pad 2 smd roundrect (at 0.875 0) (size 1.05 0.95) (layers B.Cu B.Paste B.Mask) (roundrect_rratio 0.25))
    (pad 1 smd roundrect (at -0.875 0) (size 1.05 0.95) (layers B.Cu B.Paste B.Mask) (roundrect_rratio 0.25))
    (model ${KISYS3DMOD}/Resistor_SMD.3dshapes/R_0603_1608Metric.wrl
      (at (xyz 0 0 0))
      (scale (xyz 1 1 1))
      (rotate (xyz 0 0 0))
    )
  )

  (module fues-connect:2.54-2pin-lay (layer F.Cu) (tedit 5E19601F) (tstamp 5E1EB52F)
    (at 73 71.6 90)
    (path /5DCD9E68)
    (fp_text reference SP1 (at -3.4 0 180) (layer F.SilkS)
      (effects (font (size 1 1) (thickness 0.15)))
    )
    (fp_text value buzzer (at 0 -0.5 90) (layer F.Fab)
      (effects (font (size 1 1) (thickness 0.15)))
    )
    (fp_line (start -2.54 1.905) (end -2.54 -1.905) (layer F.SilkS) (width 0.12))
    (fp_line (start 2.54 1.905) (end -2.54 1.905) (layer F.SilkS) (width 0.12))
    (fp_line (start 2.54 -1.905) (end 2.54 1.905) (layer F.SilkS) (width 0.12))
    (fp_line (start -2.54 -1.905) (end 2.54 -1.905) (layer F.SilkS) (width 0.12))
    (pad 2 smd rect (at 1.27 0 90) (size 1.5 3) (layers F.Cu F.Paste F.Mask))
    (pad 1 smd rect (at -1.27 0 90) (size 1.5 3) (layers F.Cu F.Paste F.Mask))
  )

  (module Resistor_SMD:R_0603_1608Metric_Pad1.05x0.95mm_HandSolder (layer F.Cu) (tedit 5B301BBD) (tstamp 5E1EB51F)
    (at 60.625 75)
    (descr "Resistor SMD 0603 (1608 Metric), square (rectangular) end terminal, IPC_7351 nominal with elongated pad for handsoldering. (Body size source: http://www.tortai-tech.com/upload/download/2011102023233369053.pdf), generated with kicad-footprint-generator")
    (tags "resistor handsolder")
    (path /5E4A599C)
    (attr smd)
    (fp_text reference R6 (at 2.875 0) (layer F.SilkS)
      (effects (font (size 1 1) (thickness 0.15)))
    )
    (fp_text value 5.1k (at 0 1.43) (layer F.Fab)
      (effects (font (size 1 1) (thickness 0.15)))
    )
    (fp_text user %R (at 0 0) (layer F.Fab)
      (effects (font (size 0.4 0.4) (thickness 0.06)))
    )
    (fp_line (start 1.65 0.73) (end -1.65 0.73) (layer F.CrtYd) (width 0.05))
    (fp_line (start 1.65 -0.73) (end 1.65 0.73) (layer F.CrtYd) (width 0.05))
    (fp_line (start -1.65 -0.73) (end 1.65 -0.73) (layer F.CrtYd) (width 0.05))
    (fp_line (start -1.65 0.73) (end -1.65 -0.73) (layer F.CrtYd) (width 0.05))
    (fp_line (start -0.171267 0.51) (end 0.171267 0.51) (layer F.SilkS) (width 0.12))
    (fp_line (start -0.171267 -0.51) (end 0.171267 -0.51) (layer F.SilkS) (width 0.12))
    (fp_line (start 0.8 0.4) (end -0.8 0.4) (layer F.Fab) (width 0.1))
    (fp_line (start 0.8 -0.4) (end 0.8 0.4) (layer F.Fab) (width 0.1))
    (fp_line (start -0.8 -0.4) (end 0.8 -0.4) (layer F.Fab) (width 0.1))
    (fp_line (start -0.8 0.4) (end -0.8 -0.4) (layer F.Fab) (width 0.1))
    (pad 2 smd roundrect (at 0.875 0) (size 1.05 0.95) (layers F.Cu F.Paste F.Mask) (roundrect_rratio 0.25))
    (pad 1 smd roundrect (at -0.875 0) (size 1.05 0.95) (layers F.Cu F.Paste F.Mask) (roundrect_rratio 0.25))
    (model ${KISYS3DMOD}/Resistor_SMD.3dshapes/R_0603_1608Metric.wrl
      (at (xyz 0 0 0))
      (scale (xyz 1 1 1))
      (rotate (xyz 0 0 0))
    )
  )

  (module Resistor_SMD:R_0603_1608Metric_Pad1.05x0.95mm_HandSolder (layer F.Cu) (tedit 5B301BBD) (tstamp 5E1EB50F)
    (at 60.625 77)
    (descr "Resistor SMD 0603 (1608 Metric), square (rectangular) end terminal, IPC_7351 nominal with elongated pad for handsoldering. (Body size source: http://www.tortai-tech.com/upload/download/2011102023233369053.pdf), generated with kicad-footprint-generator")
    (tags "resistor handsolder")
    (path /5E4A65E0)
    (attr smd)
    (fp_text reference R7 (at 2.875 0) (layer F.SilkS)
      (effects (font (size 1 1) (thickness 0.15)))
    )
    (fp_text value 5.1k (at 0 1.43) (layer F.Fab)
      (effects (font (size 1 1) (thickness 0.15)))
    )
    (fp_text user %R (at 0 0) (layer F.Fab)
      (effects (font (size 0.4 0.4) (thickness 0.06)))
    )
    (fp_line (start 1.65 0.73) (end -1.65 0.73) (layer F.CrtYd) (width 0.05))
    (fp_line (start 1.65 -0.73) (end 1.65 0.73) (layer F.CrtYd) (width 0.05))
    (fp_line (start -1.65 -0.73) (end 1.65 -0.73) (layer F.CrtYd) (width 0.05))
    (fp_line (start -1.65 0.73) (end -1.65 -0.73) (layer F.CrtYd) (width 0.05))
    (fp_line (start -0.171267 0.51) (end 0.171267 0.51) (layer F.SilkS) (width 0.12))
    (fp_line (start -0.171267 -0.51) (end 0.171267 -0.51) (layer F.SilkS) (width 0.12))
    (fp_line (start 0.8 0.4) (end -0.8 0.4) (layer F.Fab) (width 0.1))
    (fp_line (start 0.8 -0.4) (end 0.8 0.4) (layer F.Fab) (width 0.1))
    (fp_line (start -0.8 -0.4) (end 0.8 -0.4) (layer F.Fab) (width 0.1))
    (fp_line (start -0.8 0.4) (end -0.8 -0.4) (layer F.Fab) (width 0.1))
    (pad 2 smd roundrect (at 0.875 0) (size 1.05 0.95) (layers F.Cu F.Paste F.Mask) (roundrect_rratio 0.25))
    (pad 1 smd roundrect (at -0.875 0) (size 1.05 0.95) (layers F.Cu F.Paste F.Mask) (roundrect_rratio 0.25))
    (model ${KISYS3DMOD}/Resistor_SMD.3dshapes/R_0603_1608Metric.wrl
      (at (xyz 0 0 0))
      (scale (xyz 1 1 1))
      (rotate (xyz 0 0 0))
    )
  )

  (module Inductor_THT:L_Axial_L9.5mm_D4.0mm_P12.70mm_Horizontal_Fastron_SMCC (layer B.Cu) (tedit 5AE59B05) (tstamp 5E1EB4F9)
    (at 79.5 61 180)
    (descr "Inductor, Axial series, Axial, Horizontal, pin pitch=12.7mm, , length*diameter=9.5*4mm^2, Fastron, SMCC, http://cdn-reichelt.de/documents/datenblatt/B400/DS_SMCC_NEU.pdf, http://cdn-reichelt.de/documents/datenblatt/B400/LEADEDINDUCTORS.pdf")
    (tags "Inductor Axial series Axial Horizontal pin pitch 12.7mm  length 9.5mm diameter 4mm Fastron SMCC")
    (path /5E1E115C)
    (fp_text reference L1 (at 6.5 -3) (layer B.SilkS)
      (effects (font (size 1 1) (thickness 0.15)) (justify mirror))
    )
    (fp_text value L (at 6.35 -3.12) (layer B.Fab)
      (effects (font (size 1 1) (thickness 0.15)) (justify mirror))
    )
    (fp_text user %R (at 6.35 0) (layer B.Fab)
      (effects (font (size 1 1) (thickness 0.15)) (justify mirror))
    )
    (fp_line (start 13.95 2.25) (end -1.25 2.25) (layer B.CrtYd) (width 0.05))
    (fp_line (start 13.95 -2.25) (end 13.95 2.25) (layer B.CrtYd) (width 0.05))
    (fp_line (start -1.25 -2.25) (end 13.95 -2.25) (layer B.CrtYd) (width 0.05))
    (fp_line (start -1.25 2.25) (end -1.25 -2.25) (layer B.CrtYd) (width 0.05))
    (fp_line (start 11.46 0) (end 11.22 0) (layer B.SilkS) (width 0.12))
    (fp_line (start 1.24 0) (end 1.48 0) (layer B.SilkS) (width 0.12))
    (fp_line (start 11.22 2.12) (end 1.48 2.12) (layer B.SilkS) (width 0.12))
    (fp_line (start 11.22 -2.12) (end 11.22 2.12) (layer B.SilkS) (width 0.12))
    (fp_line (start 1.48 -2.12) (end 11.22 -2.12) (layer B.SilkS) (width 0.12))
    (fp_line (start 1.48 2.12) (end 1.48 -2.12) (layer B.SilkS) (width 0.12))
    (fp_line (start 12.7 0) (end 11.1 0) (layer B.Fab) (width 0.1))
    (fp_line (start 0 0) (end 1.6 0) (layer B.Fab) (width 0.1))
    (fp_line (start 11.1 2) (end 1.6 2) (layer B.Fab) (width 0.1))
    (fp_line (start 11.1 -2) (end 11.1 2) (layer B.Fab) (width 0.1))
    (fp_line (start 1.6 -2) (end 11.1 -2) (layer B.Fab) (width 0.1))
    (fp_line (start 1.6 2) (end 1.6 -2) (layer B.Fab) (width 0.1))
    (pad 2 thru_hole oval (at 12.7 0 180) (size 2 2) (drill 1) (layers *.Cu *.Mask))
    (pad 1 thru_hole circle (at 0 0 180) (size 2 2) (drill 1) (layers *.Cu *.Mask))
    (model ${KISYS3DMOD}/Inductor_THT.3dshapes/L_Axial_L9.5mm_D4.0mm_P12.70mm_Horizontal_Fastron_SMCC.wrl
      (at (xyz 0 0 0))
      (scale (xyz 1 1 1))
      (rotate (xyz 0 0 0))
    )
  )

  (module Capacitor_SMD:C_0603_1608Metric_Pad1.05x0.95mm_HandSolder (layer F.Cu) (tedit 5B301BBE) (tstamp 5E1EB46B)
    (at 82 83 90)
    (descr "Capacitor SMD 0603 (1608 Metric), square (rectangular) end terminal, IPC_7351 nominal with elongated pad for handsoldering. (Body size source: http://www.tortai-tech.com/upload/download/2011102023233369053.pdf), generated with kicad-footprint-generator")
    (tags "capacitor handsolder")
    (path /5E2CB81E)
    (attr smd)
    (fp_text reference C5 (at -0.8 -1.8 180) (layer F.SilkS)
      (effects (font (size 1 1) (thickness 0.15)))
    )
    (fp_text value 0.1u (at 0 1.43 270) (layer F.Fab)
      (effects (font (size 1 1) (thickness 0.15)))
    )
    (fp_line (start -0.8 0.4) (end -0.8 -0.4) (layer F.Fab) (width 0.1))
    (fp_line (start -0.8 -0.4) (end 0.8 -0.4) (layer F.Fab) (width 0.1))
    (fp_line (start 0.8 -0.4) (end 0.8 0.4) (layer F.Fab) (width 0.1))
    (fp_line (start 0.8 0.4) (end -0.8 0.4) (layer F.Fab) (width 0.1))
    (fp_line (start -0.171267 -0.51) (end 0.171267 -0.51) (layer F.SilkS) (width 0.12))
    (fp_line (start -0.171267 0.51) (end 0.171267 0.51) (layer F.SilkS) (width 0.12))
    (fp_line (start -1.65 0.73) (end -1.65 -0.73) (layer F.CrtYd) (width 0.05))
    (fp_line (start -1.65 -0.73) (end 1.65 -0.73) (layer F.CrtYd) (width 0.05))
    (fp_line (start 1.65 -0.73) (end 1.65 0.73) (layer F.CrtYd) (width 0.05))
    (fp_line (start 1.65 0.73) (end -1.65 0.73) (layer F.CrtYd) (width 0.05))
    (fp_text user %R (at 0 0 270) (layer F.Fab)
      (effects (font (size 0.4 0.4) (thickness 0.06)))
    )
    (pad 1 smd roundrect (at -0.875 0 90) (size 1.05 0.95) (layers F.Cu F.Paste F.Mask) (roundrect_rratio 0.25))
    (pad 2 smd roundrect (at 0.875 0 90) (size 1.05 0.95) (layers F.Cu F.Paste F.Mask) (roundrect_rratio 0.25))
    (model ${KISYS3DMOD}/Capacitor_SMD.3dshapes/C_0603_1608Metric.wrl
      (at (xyz 0 0 0))
      (scale (xyz 1 1 1))
      (rotate (xyz 0 0 0))
    )
  )

  (module Diode_SMD:D_SOD-123F (layer F.Cu) (tedit 587F7769) (tstamp 5E1EB453)
    (at 81.5 76 180)
    (descr D_SOD-123F)
    (tags D_SOD-123F)
    (path /5E15BF49)
    (attr smd)
    (fp_text reference D1 (at -3.9 1) (layer F.SilkS)
      (effects (font (size 1 1) (thickness 0.15)))
    )
    (fp_text value GS1010FL (at 0 2.1) (layer F.Fab)
      (effects (font (size 1 1) (thickness 0.15)))
    )
    (fp_text user %R (at -0.127 -1.905) (layer F.Fab)
      (effects (font (size 1 1) (thickness 0.15)))
    )
    (fp_line (start -2.2 -1) (end -2.2 1) (layer F.SilkS) (width 0.12))
    (fp_line (start 0.25 0) (end 0.75 0) (layer F.Fab) (width 0.1))
    (fp_line (start 0.25 0.4) (end -0.35 0) (layer F.Fab) (width 0.1))
    (fp_line (start 0.25 -0.4) (end 0.25 0.4) (layer F.Fab) (width 0.1))
    (fp_line (start -0.35 0) (end 0.25 -0.4) (layer F.Fab) (width 0.1))
    (fp_line (start -0.35 0) (end -0.35 0.55) (layer F.Fab) (width 0.1))
    (fp_line (start -0.35 0) (end -0.35 -0.55) (layer F.Fab) (width 0.1))
    (fp_line (start -0.75 0) (end -0.35 0) (layer F.Fab) (width 0.1))
    (fp_line (start -1.4 0.9) (end -1.4 -0.9) (layer F.Fab) (width 0.1))
    (fp_line (start 1.4 0.9) (end -1.4 0.9) (layer F.Fab) (width 0.1))
    (fp_line (start 1.4 -0.9) (end 1.4 0.9) (layer F.Fab) (width 0.1))
    (fp_line (start -1.4 -0.9) (end 1.4 -0.9) (layer F.Fab) (width 0.1))
    (fp_line (start -2.2 -1.15) (end 2.2 -1.15) (layer F.CrtYd) (width 0.05))
    (fp_line (start 2.2 -1.15) (end 2.2 1.15) (layer F.CrtYd) (width 0.05))
    (fp_line (start 2.2 1.15) (end -2.2 1.15) (layer F.CrtYd) (width 0.05))
    (fp_line (start -2.2 -1.15) (end -2.2 1.15) (layer F.CrtYd) (width 0.05))
    (fp_line (start -2.2 1) (end 1.65 1) (layer F.SilkS) (width 0.12))
    (fp_line (start -2.2 -1) (end 1.65 -1) (layer F.SilkS) (width 0.12))
    (pad 1 smd rect (at -1.4 0 180) (size 1.1 1.1) (layers F.Cu F.Paste F.Mask))
    (pad 2 smd rect (at 1.4 0 180) (size 1.1 1.1) (layers F.Cu F.Paste F.Mask))
    (model ${KISYS3DMOD}/Diode_SMD.3dshapes/D_SOD-123F.wrl
      (at (xyz 0 0 0))
      (scale (xyz 1 1 1))
      (rotate (xyz 0 0 0))
    )
  )

  (module Resistor_SMD:R_0603_1608Metric_Pad1.05x0.95mm_HandSolder (layer B.Cu) (tedit 5B301BBD) (tstamp 5E1EB443)
    (at 69.75 89)
    (descr "Resistor SMD 0603 (1608 Metric), square (rectangular) end terminal, IPC_7351 nominal with elongated pad for handsoldering. (Body size source: http://www.tortai-tech.com/upload/download/2011102023233369053.pdf), generated with kicad-footprint-generator")
    (tags "resistor handsolder")
    (path /5E33149D)
    (attr smd)
    (fp_text reference R5 (at -1.25 -1.5) (layer B.SilkS)
      (effects (font (size 1 1) (thickness 0.15)) (justify mirror))
    )
    (fp_text value 10k (at 0 -2.54) (layer B.Fab)
      (effects (font (size 1 1) (thickness 0.15)) (justify mirror))
    )
    (fp_line (start -0.8 -0.4) (end -0.8 0.4) (layer B.Fab) (width 0.1))
    (fp_line (start -0.8 0.4) (end 0.8 0.4) (layer B.Fab) (width 0.1))
    (fp_line (start 0.8 0.4) (end 0.8 -0.4) (layer B.Fab) (width 0.1))
    (fp_line (start 0.8 -0.4) (end -0.8 -0.4) (layer B.Fab) (width 0.1))
    (fp_line (start -0.171267 0.51) (end 0.171267 0.51) (layer B.SilkS) (width 0.12))
    (fp_line (start -0.171267 -0.51) (end 0.171267 -0.51) (layer B.SilkS) (width 0.12))
    (fp_line (start -1.65 -0.73) (end -1.65 0.73) (layer B.CrtYd) (width 0.05))
    (fp_line (start -1.65 0.73) (end 1.65 0.73) (layer B.CrtYd) (width 0.05))
    (fp_line (start 1.65 0.73) (end 1.65 -0.73) (layer B.CrtYd) (width 0.05))
    (fp_line (start 1.65 -0.73) (end -1.65 -0.73) (layer B.CrtYd) (width 0.05))
    (fp_text user %R (at 0 0) (layer B.Fab)
      (effects (font (size 0.4 0.4) (thickness 0.06)) (justify mirror))
    )
    (pad 1 smd roundrect (at -0.875 0) (size 1.05 0.95) (layers B.Cu B.Paste B.Mask) (roundrect_rratio 0.25))
    (pad 2 smd roundrect (at 0.875 0) (size 1.05 0.95) (layers B.Cu B.Paste B.Mask) (roundrect_rratio 0.25))
    (model ${KISYS3DMOD}/Resistor_SMD.3dshapes/R_0603_1608Metric.wrl
      (at (xyz 0 0 0))
      (scale (xyz 1 1 1))
      (rotate (xyz 0 0 0))
    )
  )

  (module Diode_SMD:D_SOD-523 (layer F.Cu) (tedit 586419F0) (tstamp 5E1EB42C)
    (at 80.5 73.5 180)
    (descr "http://www.diodes.com/datasheets/ap02001.pdf p.144")
    (tags "Diode SOD523")
    (path /5E15AA17)
    (attr smd)
    (fp_text reference D2 (at -2.5 0) (layer F.SilkS)
      (effects (font (size 1 1) (thickness 0.15)))
    )
    (fp_text value RB751S-40 (at 0 1.4) (layer F.Fab)
      (effects (font (size 1 1) (thickness 0.15)))
    )
    (fp_text user %R (at 0 -1.3) (layer F.Fab)
      (effects (font (size 1 1) (thickness 0.15)))
    )
    (fp_line (start -1.15 -0.6) (end -1.15 0.6) (layer F.SilkS) (width 0.12))
    (fp_line (start 1.25 -0.7) (end 1.25 0.7) (layer F.CrtYd) (width 0.05))
    (fp_line (start -1.25 -0.7) (end 1.25 -0.7) (layer F.CrtYd) (width 0.05))
    (fp_line (start -1.25 0.7) (end -1.25 -0.7) (layer F.CrtYd) (width 0.05))
    (fp_line (start 1.25 0.7) (end -1.25 0.7) (layer F.CrtYd) (width 0.05))
    (fp_line (start 0.1 0) (end 0.25 0) (layer F.Fab) (width 0.1))
    (fp_line (start 0.1 -0.2) (end -0.2 0) (layer F.Fab) (width 0.1))
    (fp_line (start 0.1 0.2) (end 0.1 -0.2) (layer F.Fab) (width 0.1))
    (fp_line (start -0.2 0) (end 0.1 0.2) (layer F.Fab) (width 0.1))
    (fp_line (start -0.2 0) (end -0.35 0) (layer F.Fab) (width 0.1))
    (fp_line (start -0.2 0.2) (end -0.2 -0.2) (layer F.Fab) (width 0.1))
    (fp_line (start 0.65 -0.45) (end 0.65 0.45) (layer F.Fab) (width 0.1))
    (fp_line (start -0.65 -0.45) (end 0.65 -0.45) (layer F.Fab) (width 0.1))
    (fp_line (start -0.65 0.45) (end -0.65 -0.45) (layer F.Fab) (width 0.1))
    (fp_line (start 0.65 0.45) (end -0.65 0.45) (layer F.Fab) (width 0.1))
    (fp_line (start 0.7 -0.6) (end -1.15 -0.6) (layer F.SilkS) (width 0.12))
    (fp_line (start 0.7 0.6) (end -1.15 0.6) (layer F.SilkS) (width 0.12))
    (pad 2 smd rect (at 0.7 0) (size 0.6 0.7) (layers F.Cu F.Paste F.Mask))
    (pad 1 smd rect (at -0.7 0) (size 0.6 0.7) (layers F.Cu F.Paste F.Mask))
    (model ${KISYS3DMOD}/Diode_SMD.3dshapes/D_SOD-523.wrl
      (at (xyz 0 0 0))
      (scale (xyz 1 1 1))
      (rotate (xyz 0 0 0))
    )
  )

  (module Resistor_SMD:R_0603_1608Metric_Pad1.05x0.95mm_HandSolder (layer B.Cu) (tedit 5B301BBD) (tstamp 5E1EB41C)
    (at 66 89)
    (descr "Resistor SMD 0603 (1608 Metric), square (rectangular) end terminal, IPC_7351 nominal with elongated pad for handsoldering. (Body size source: http://www.tortai-tech.com/upload/download/2011102023233369053.pdf), generated with kicad-footprint-generator")
    (tags "resistor handsolder")
    (path /5E32B358)
    (attr smd)
    (fp_text reference R4 (at -1.4 -1.4) (layer B.SilkS)
      (effects (font (size 1 1) (thickness 0.15)) (justify mirror))
    )
    (fp_text value 10k (at 0 -1.27) (layer B.Fab)
      (effects (font (size 1 1) (thickness 0.15)) (justify mirror))
    )
    (fp_line (start -0.8 -0.4) (end -0.8 0.4) (layer B.Fab) (width 0.1))
    (fp_line (start -0.8 0.4) (end 0.8 0.4) (layer B.Fab) (width 0.1))
    (fp_line (start 0.8 0.4) (end 0.8 -0.4) (layer B.Fab) (width 0.1))
    (fp_line (start 0.8 -0.4) (end -0.8 -0.4) (layer B.Fab) (width 0.1))
    (fp_line (start -0.171267 0.51) (end 0.171267 0.51) (layer B.SilkS) (width 0.12))
    (fp_line (start -0.171267 -0.51) (end 0.171267 -0.51) (layer B.SilkS) (width 0.12))
    (fp_line (start -1.65 -0.73) (end -1.65 0.73) (layer B.CrtYd) (width 0.05))
    (fp_line (start -1.65 0.73) (end 1.65 0.73) (layer B.CrtYd) (width 0.05))
    (fp_line (start 1.65 0.73) (end 1.65 -0.73) (layer B.CrtYd) (width 0.05))
    (fp_line (start 1.65 -0.73) (end -1.65 -0.73) (layer B.CrtYd) (width 0.05))
    (fp_text user %R (at 0 0) (layer B.Fab)
      (effects (font (size 0.4 0.4) (thickness 0.06)) (justify mirror))
    )
    (pad 1 smd roundrect (at -0.875 0) (size 1.05 0.95) (layers B.Cu B.Paste B.Mask) (roundrect_rratio 0.25))
    (pad 2 smd roundrect (at 0.875 0) (size 1.05 0.95) (layers B.Cu B.Paste B.Mask) (roundrect_rratio 0.25))
    (model ${KISYS3DMOD}/Resistor_SMD.3dshapes/R_0603_1608Metric.wrl
      (at (xyz 0 0 0))
      (scale (xyz 1 1 1))
      (rotate (xyz 0 0 0))
    )
  )

  (module Package_SO:SOIC-14_3.9x8.7mm_P1.27mm (layer B.Cu) (tedit 5C97300E) (tstamp 5E1EB3FD)
    (at 73 83)
    (descr "SOIC, 14 Pin (JEDEC MS-012AB, https://www.analog.com/media/en/package-pcb-resources/package/pkg_pdf/soic_narrow-r/r_14.pdf), generated with kicad-footprint-generator ipc_gullwing_generator.py")
    (tags "SOIC SO")
    (path /5DCC3D50)
    (attr smd)
    (fp_text reference U2 (at 0 -5.5) (layer B.SilkS)
      (effects (font (size 1 1) (thickness 0.15)) (justify mirror))
    )
    (fp_text value "PIC16(L)F18324" (at 0 -5.28) (layer B.Fab)
      (effects (font (size 1 1) (thickness 0.15)) (justify mirror))
    )
    (fp_line (start 0 -4.435) (end 1.95 -4.435) (layer B.SilkS) (width 0.12))
    (fp_line (start 0 -4.435) (end -1.95 -4.435) (layer B.SilkS) (width 0.12))
    (fp_line (start 0 4.435) (end 1.95 4.435) (layer B.SilkS) (width 0.12))
    (fp_line (start 0 4.435) (end -3.45 4.435) (layer B.SilkS) (width 0.12))
    (fp_line (start -0.975 4.325) (end 1.95 4.325) (layer B.Fab) (width 0.1))
    (fp_line (start 1.95 4.325) (end 1.95 -4.325) (layer B.Fab) (width 0.1))
    (fp_line (start 1.95 -4.325) (end -1.95 -4.325) (layer B.Fab) (width 0.1))
    (fp_line (start -1.95 -4.325) (end -1.95 3.35) (layer B.Fab) (width 0.1))
    (fp_line (start -1.95 3.35) (end -0.975 4.325) (layer B.Fab) (width 0.1))
    (fp_line (start -3.7 4.58) (end -3.7 -4.58) (layer B.CrtYd) (width 0.05))
    (fp_line (start -3.7 -4.58) (end 3.7 -4.58) (layer B.CrtYd) (width 0.05))
    (fp_line (start 3.7 -4.58) (end 3.7 4.58) (layer B.CrtYd) (width 0.05))
    (fp_line (start 3.7 4.58) (end -3.7 4.58) (layer B.CrtYd) (width 0.05))
    (fp_text user %R (at 0 0) (layer B.Fab)
      (effects (font (size 0.98 0.98) (thickness 0.15)) (justify mirror))
    )
    (pad 1 smd roundrect (at -2.475 3.81) (size 1.95 0.6) (layers B.Cu B.Paste B.Mask) (roundrect_rratio 0.25))
    (pad 2 smd roundrect (at -2.475 2.54) (size 1.95 0.6) (layers B.Cu B.Paste B.Mask) (roundrect_rratio 0.25))
    (pad 3 smd roundrect (at -2.475 1.27) (size 1.95 0.6) (layers B.Cu B.Paste B.Mask) (roundrect_rratio 0.25))
    (pad 4 smd roundrect (at -2.475 0) (size 1.95 0.6) (layers B.Cu B.Paste B.Mask) (roundrect_rratio 0.25))
    (pad 5 smd roundrect (at -2.475 -1.27) (size 1.95 0.6) (layers B.Cu B.Paste B.Mask) (roundrect_rratio 0.25))
    (pad 6 smd roundrect (at -2.475 -2.54) (size 1.95 0.6) (layers B.Cu B.Paste B.Mask) (roundrect_rratio 0.25))
    (pad 7 smd roundrect (at -2.475 -3.81) (size 1.95 0.6) (layers B.Cu B.Paste B.Mask) (roundrect_rratio 0.25))
    (pad 8 smd roundrect (at 2.475 -3.81) (size 1.95 0.6) (layers B.Cu B.Paste B.Mask) (roundrect_rratio 0.25))
    (pad 9 smd roundrect (at 2.475 -2.54) (size 1.95 0.6) (layers B.Cu B.Paste B.Mask) (roundrect_rratio 0.25))
    (pad 10 smd roundrect (at 2.475 -1.27) (size 1.95 0.6) (layers B.Cu B.Paste B.Mask) (roundrect_rratio 0.25))
    (pad 11 smd roundrect (at 2.475 0) (size 1.95 0.6) (layers B.Cu B.Paste B.Mask) (roundrect_rratio 0.25))
    (pad 12 smd roundrect (at 2.475 1.27) (size 1.95 0.6) (layers B.Cu B.Paste B.Mask) (roundrect_rratio 0.25))
    (pad 13 smd roundrect (at 2.475 2.54) (size 1.95 0.6) (layers B.Cu B.Paste B.Mask) (roundrect_rratio 0.25))
    (pad 14 smd roundrect (at 2.475 3.81) (size 1.95 0.6) (layers B.Cu B.Paste B.Mask) (roundrect_rratio 0.25))
    (model ${KISYS3DMOD}/Package_SO.3dshapes/SOIC-14_3.9x8.7mm_P1.27mm.wrl
      (at (xyz 0 0 0))
      (scale (xyz 1 1 1))
      (rotate (xyz 0 0 0))
    )
  )

  (module Resistor_SMD:R_0603_1608Metric_Pad1.05x0.95mm_HandSolder (layer F.Cu) (tedit 5B301BBD) (tstamp 5E1EB3ED)
    (at 85.925 77 180)
